--------Step 0--------
5     1     3     4    
2     7     8     12   
9     6     11    15   
0     13    10    14   
--------Step 1--------: R
5     1     3     4    
2     7     8     12   
9     6     11    15   
13    0     10    14   
--------Step 2--------: R
5     1     3     4    
2     7     8     12   
9     6     11    15   
13    10    0     14   
--------Step 3--------: R
5     1     3     4    
2     7     8     12   
9     6     11    15   
13    10    14    0    
--------Step 4--------: U
5     1     3     4    
2     7     8     12   
9     6     11    0    
13    10    14    15   
--------Step 5--------: U
5     1     3     4    
2     7     8     0    
9     6     11    12   
13    10    14    15   
--------Step 6--------: L
5     1     3     4    
2     7     0     8    
9     6     11    12   
13    10    14    15   
--------Step 7--------: L
5     1     3     4    
2     0     7     8    
9     6     11    12   
13    10    14    15   
--------Step 8--------: L
5     1     3     4    
0     2     7     8    
9     6     11    12   
13    10    14    15   
--------Step 9--------: U
0     1     3     4    
5     2     7     8    
9     6     11    12   
13    10    14    15   
--------Step 10--------: R
1     0     3     4    
5     2     7     8    
9     6     11    12   
13    10    14    15   
--------Step 11--------: D
1     2     3     4    
5     0     7     8    
9     6     11    12   
13    10    14    15   
--------Step 12--------: D
1     2     3     4    
5     6     7     8    
9     0     11    12   
13    10    14    15   
--------Step 13--------: D
1     2     3     4    
5     6     7     8    
9     10    11    12   
13    0     14    15   
--------Step 14--------: R
1     2     3     4    
5     6     7     8    
9     10    11    12   
13    14    0     15   
--------Step 15--------: R
1     2     3     4    
5     6     7     8    
9     10    11    12   
13    14    15    0    

Time: 0.0005 s
Peak Memory: 9.86 KB
