--------Step 0--------
1     8     0     15   
11    14    6     13   
10    5     9     12   
4     7     2     3    
--------Step 1--------: L
1     0     8     15   
11    14    6     13   
10    5     9     12   
4     7     2     3    
--------Step 2--------: D
1     14    8     15   
11    0     6     13   
10    5     9     12   
4     7     2     3    
--------Step 3--------: D
1     14    8     15   
11    5     6     13   
10    0     9     12   
4     7     2     3    
--------Step 4--------: R
1     14    8     15   
11    5     6     13   
10    9     0     12   
4     7     2     3    
--------Step 5--------: D
1     14    8     15   
11    5     6     13   
10    9     2     12   
4     7     0     3    
--------Step 6--------: L
1     14    8     15   
11    5     6     13   
10    9     2     12   
4     0     7     3    
--------Step 7--------: L
1     14    8     15   
11    5     6     13   
10    9     2     12   
0     4     7     3    
--------Step 8--------: U
1     14    8     15   
11    5     6     13   
0     9     2     12   
10    4     7     3    
--------Step 9--------: U
1     14    8     15   
0     5     6     13   
11    9     2     12   
10    4     7     3    
--------Step 10--------: R
1     14    8     15   
5     0     6     13   
11    9     2     12   
10    4     7     3    
--------Step 11--------: D
1     14    8     15   
5     9     6     13   
11    0     2     12   
10    4     7     3    
--------Step 12--------: D
1     14    8     15   
5     9     6     13   
11    4     2     12   
10    0     7     3    
--------Step 13--------: R
1     14    8     15   
5     9     6     13   
11    4     2     12   
10    7     0     3    
--------Step 14--------: R
1     14    8     15   
5     9     6     13   
11    4     2     12   
10    7     3     0    
--------Step 15--------: U
1     14    8     15   
5     9     6     13   
11    4     2     0    
10    7     3     12   
--------Step 16--------: U
1     14    8     15   
5     9     6     0    
11    4     2     13   
10    7     3     12   
--------Step 17--------: U
1     14    8     0    
5     9     6     15   
11    4     2     13   
10    7     3     12   
--------Step 18--------: L
1     14    0     8    
5     9     6     15   
11    4     2     13   
10    7     3     12   
--------Step 19--------: D
1     14    6     8    
5     9     0     15   
11    4     2     13   
10    7     3     12   
--------Step 20--------: D
1     14    6     8    
5     9     2     15   
11    4     0     13   
10    7     3     12   
--------Step 21--------: L
1     14    6     8    
5     9     2     15   
11    0     4     13   
10    7     3     12   
--------Step 22--------: U
1     14    6     8    
5     0     2     15   
11    9     4     13   
10    7     3     12   
--------Step 23--------: U
1     0     6     8    
5     14    2     15   
11    9     4     13   
10    7     3     12   
--------Step 24--------: R
1     6     0     8    
5     14    2     15   
11    9     4     13   
10    7     3     12   
--------Step 25--------: D
1     6     2     8    
5     14    0     15   
11    9     4     13   
10    7     3     12   
--------Step 26--------: D
1     6     2     8    
5     14    4     15   
11    9     0     13   
10    7     3     12   
--------Step 27--------: D
1     6     2     8    
5     14    4     15   
11    9     3     13   
10    7     0     12   
--------Step 28--------: L
1     6     2     8    
5     14    4     15   
11    9     3     13   
10    0     7     12   
--------Step 29--------: U
1     6     2     8    
5     14    4     15   
11    0     3     13   
10    9     7     12   
--------Step 30--------: U
1     6     2     8    
5     0     4     15   
11    14    3     13   
10    9     7     12   
--------Step 31--------: U
1     0     2     8    
5     6     4     15   
11    14    3     13   
10    9     7     12   
--------Step 32--------: R
1     2     0     8    
5     6     4     15   
11    14    3     13   
10    9     7     12   
--------Step 33--------: D
1     2     4     8    
5     6     0     15   
11    14    3     13   
10    9     7     12   
--------Step 34--------: D
1     2     4     8    
5     6     3     15   
11    14    0     13   
10    9     7     12   
--------Step 35--------: D
1     2     4     8    
5     6     3     15   
11    14    7     13   
10    9     0     12   
--------Step 36--------: R
1     2     4     8    
5     6     3     15   
11    14    7     13   
10    9     12    0    
--------Step 37--------: U
1     2     4     8    
5     6     3     15   
11    14    7     0    
10    9     12    13   
--------Step 38--------: U
1     2     4     8    
5     6     3     0    
11    14    7     15   
10    9     12    13   
--------Step 39--------: U
1     2     4     0    
5     6     3     8    
11    14    7     15   
10    9     12    13   
--------Step 40--------: L
1     2     0     4    
5     6     3     8    
11    14    7     15   
10    9     12    13   
--------Step 41--------: D
1     2     3     4    
5     6     0     8    
11    14    7     15   
10    9     12    13   
--------Step 42--------: D
1     2     3     4    
5     6     7     8    
11    14    0     15   
10    9     12    13   
--------Step 43--------: D
1     2     3     4    
5     6     7     8    
11    14    12    15   
10    9     0     13   
--------Step 44--------: R
1     2     3     4    
5     6     7     8    
11    14    12    15   
10    9     13    0    
--------Step 45--------: U
1     2     3     4    
5     6     7     8    
11    14    12    0    
10    9     13    15   
--------Step 46--------: L
1     2     3     4    
5     6     7     8    
11    14    0     12   
10    9     13    15   
--------Step 47--------: L
1     2     3     4    
5     6     7     8    
11    0     14    12   
10    9     13    15   
--------Step 48--------: L
1     2     3     4    
5     6     7     8    
0     11    14    12   
10    9     13    15   
--------Step 49--------: D
1     2     3     4    
5     6     7     8    
10    11    14    12   
0     9     13    15   
--------Step 50--------: R
1     2     3     4    
5     6     7     8    
10    11    14    12   
9     0     13    15   
--------Step 51--------: R
1     2     3     4    
5     6     7     8    
10    11    14    12   
9     13    0     15   
--------Step 52--------: U
1     2     3     4    
5     6     7     8    
10    11    0     12   
9     13    14    15   
--------Step 53--------: L
1     2     3     4    
5     6     7     8    
10    0     11    12   
9     13    14    15   
--------Step 54--------: L
1     2     3     4    
5     6     7     8    
0     10    11    12   
9     13    14    15   
--------Step 55--------: D
1     2     3     4    
5     6     7     8    
9     10    11    12   
0     13    14    15   
--------Step 56--------: R
1     2     3     4    
5     6     7     8    
9     10    11    12   
13    0     14    15   
--------Step 57--------: R
1     2     3     4    
5     6     7     8    
9     10    11    12   
13    14    0     15   
--------Step 58--------: R
1     2     3     4    
5     6     7     8    
9     10    11    12   
13    14    15    0    

Time: 455.2653 s
Peak Memory: 7754893.11 KB
