--------Step 0--------
0     5     15    14   
7     9     6     13   
1     2     12    10   
8     11    4     3    
--------Step 1--------: D
7     5     15    14   
0     9     6     13   
1     2     12    10   
8     11    4     3    
--------Step 2--------: R
7     5     15    14   
9     0     6     13   
1     2     12    10   
8     11    4     3    
--------Step 3--------: D
7     5     15    14   
9     2     6     13   
1     0     12    10   
8     11    4     3    
--------Step 4--------: L
7     5     15    14   
9     2     6     13   
0     1     12    10   
8     11    4     3    
--------Step 5--------: U
7     5     15    14   
0     2     6     13   
9     1     12    10   
8     11    4     3    
--------Step 6--------: R
7     5     15    14   
2     0     6     13   
9     1     12    10   
8     11    4     3    
--------Step 7--------: U
7     0     15    14   
2     5     6     13   
9     1     12    10   
8     11    4     3    
--------Step 8--------: L
0     7     15    14   
2     5     6     13   
9     1     12    10   
8     11    4     3    
--------Step 9--------: D
2     7     15    14   
0     5     6     13   
9     1     12    10   
8     11    4     3    
--------Step 10--------: R
2     7     15    14   
5     0     6     13   
9     1     12    10   
8     11    4     3    
--------Step 11--------: D
2     7     15    14   
5     1     6     13   
9     0     12    10   
8     11    4     3    
--------Step 12--------: D
2     7     15    14   
5     1     6     13   
9     11    12    10   
8     0     4     3    
--------Step 13--------: L
2     7     15    14   
5     1     6     13   
9     11    12    10   
0     8     4     3    
--------Step 14--------: U
2     7     15    14   
5     1     6     13   
0     11    12    10   
9     8     4     3    
--------Step 15--------: U
2     7     15    14   
0     1     6     13   
5     11    12    10   
9     8     4     3    
--------Step 16--------: R
2     7     15    14   
1     0     6     13   
5     11    12    10   
9     8     4     3    
--------Step 17--------: R
2     7     15    14   
1     6     0     13   
5     11    12    10   
9     8     4     3    
--------Step 18--------: D
2     7     15    14   
1     6     12    13   
5     11    0     10   
9     8     4     3    
--------Step 19--------: R
2     7     15    14   
1     6     12    13   
5     11    10    0    
9     8     4     3    
--------Step 20--------: D
2     7     15    14   
1     6     12    13   
5     11    10    3    
9     8     4     0    
--------Step 21--------: L
2     7     15    14   
1     6     12    13   
5     11    10    3    
9     8     0     4    
--------Step 22--------: L
2     7     15    14   
1     6     12    13   
5     11    10    3    
9     0     8     4    
--------Step 23--------: U
2     7     15    14   
1     6     12    13   
5     0     10    3    
9     11    8     4    
--------Step 24--------: R
2     7     15    14   
1     6     12    13   
5     10    0     3    
9     11    8     4    
--------Step 25--------: U
2     7     15    14   
1     6     0     13   
5     10    12    3    
9     11    8     4    
--------Step 26--------: R
2     7     15    14   
1     6     13    0    
5     10    12    3    
9     11    8     4    
--------Step 27--------: D
2     7     15    14   
1     6     13    3    
5     10    12    0    
9     11    8     4    
--------Step 28--------: D
2     7     15    14   
1     6     13    3    
5     10    12    4    
9     11    8     0    
--------Step 29--------: L
2     7     15    14   
1     6     13    3    
5     10    12    4    
9     11    0     8    
--------Step 30--------: U
2     7     15    14   
1     6     13    3    
5     10    0     4    
9     11    12    8    
--------Step 31--------: U
2     7     15    14   
1     6     0     3    
5     10    13    4    
9     11    12    8    
--------Step 32--------: U
2     7     0     14   
1     6     15    3    
5     10    13    4    
9     11    12    8    
--------Step 33--------: R
2     7     14    0    
1     6     15    3    
5     10    13    4    
9     11    12    8    
--------Step 34--------: D
2     7     14    3    
1     6     15    0    
5     10    13    4    
9     11    12    8    
--------Step 35--------: D
2     7     14    3    
1     6     15    4    
5     10    13    0    
9     11    12    8    
--------Step 36--------: D
2     7     14    3    
1     6     15    4    
5     10    13    8    
9     11    12    0    
--------Step 37--------: L
2     7     14    3    
1     6     15    4    
5     10    13    8    
9     11    0     12   
--------Step 38--------: U
2     7     14    3    
1     6     15    4    
5     10    0     8    
9     11    13    12   
--------Step 39--------: U
2     7     14    3    
1     6     0     4    
5     10    15    8    
9     11    13    12   
--------Step 40--------: U
2     7     0     3    
1     6     14    4    
5     10    15    8    
9     11    13    12   
--------Step 41--------: L
2     0     7     3    
1     6     14    4    
5     10    15    8    
9     11    13    12   
--------Step 42--------: L
0     2     7     3    
1     6     14    4    
5     10    15    8    
9     11    13    12   
--------Step 43--------: D
1     2     7     3    
0     6     14    4    
5     10    15    8    
9     11    13    12   
--------Step 44--------: D
1     2     7     3    
5     6     14    4    
0     10    15    8    
9     11    13    12   
--------Step 45--------: R
1     2     7     3    
5     6     14    4    
10    0     15    8    
9     11    13    12   
--------Step 46--------: D
1     2     7     3    
5     6     14    4    
10    11    15    8    
9     0     13    12   
--------Step 47--------: R
1     2     7     3    
5     6     14    4    
10    11    15    8    
9     13    0     12   
--------Step 48--------: U
1     2     7     3    
5     6     14    4    
10    11    0     8    
9     13    15    12   
--------Step 49--------: U
1     2     7     3    
5     6     0     4    
10    11    14    8    
9     13    15    12   
--------Step 50--------: U
1     2     0     3    
5     6     7     4    
10    11    14    8    
9     13    15    12   
--------Step 51--------: R
1     2     3     0    
5     6     7     4    
10    11    14    8    
9     13    15    12   
--------Step 52--------: D
1     2     3     4    
5     6     7     0    
10    11    14    8    
9     13    15    12   
--------Step 53--------: D
1     2     3     4    
5     6     7     8    
10    11    14    0    
9     13    15    12   
--------Step 54--------: D
1     2     3     4    
5     6     7     8    
10    11    14    12   
9     13    15    0    
--------Step 55--------: L
1     2     3     4    
5     6     7     8    
10    11    14    12   
9     13    0     15   
--------Step 56--------: U
1     2     3     4    
5     6     7     8    
10    11    0     12   
9     13    14    15   
--------Step 57--------: L
1     2     3     4    
5     6     7     8    
10    0     11    12   
9     13    14    15   
--------Step 58--------: L
1     2     3     4    
5     6     7     8    
0     10    11    12   
9     13    14    15   
--------Step 59--------: D
1     2     3     4    
5     6     7     8    
9     10    11    12   
0     13    14    15   
--------Step 60--------: R
1     2     3     4    
5     6     7     8    
9     10    11    12   
13    0     14    15   
--------Step 61--------: R
1     2     3     4    
5     6     7     8    
9     10    11    12   
13    14    0     15   
--------Step 62--------: R
1     2     3     4    
5     6     7     8    
9     10    11    12   
13    14    15    0    

Time: 2439.8853 s
Peak Memory: 24093703.96 KB
