--------Step 0--------
0     6     5     10   
3     4     1     14   
8     11    12    15   
13    7     2     9    
--------Step 1--------: R
6     0     5     10   
3     4     1     14   
8     11    12    15   
13    7     2     9    
--------Step 2--------: R
6     5     0     10   
3     4     1     14   
8     11    12    15   
13    7     2     9    
--------Step 3--------: D
6     5     1     10   
3     4     0     14   
8     11    12    15   
13    7     2     9    
--------Step 4--------: L
6     5     1     10   
3     0     4     14   
8     11    12    15   
13    7     2     9    
--------Step 5--------: L
6     5     1     10   
0     3     4     14   
8     11    12    15   
13    7     2     9    
--------Step 6--------: U
0     5     1     10   
6     3     4     14   
8     11    12    15   
13    7     2     9    
--------Step 7--------: R
5     0     1     10   
6     3     4     14   
8     11    12    15   
13    7     2     9    
--------Step 8--------: R
5     1     0     10   
6     3     4     14   
8     11    12    15   
13    7     2     9    
--------Step 9--------: D
5     1     4     10   
6     3     0     14   
8     11    12    15   
13    7     2     9    
--------Step 10--------: D
5     1     4     10   
6     3     12    14   
8     11    0     15   
13    7     2     9    
--------Step 11--------: D
5     1     4     10   
6     3     12    14   
8     11    2     15   
13    7     0     9    
--------Step 12--------: R
5     1     4     10   
6     3     12    14   
8     11    2     15   
13    7     9     0    
--------Step 13--------: U
5     1     4     10   
6     3     12    14   
8     11    2     0    
13    7     9     15   
--------Step 14--------: U
5     1     4     10   
6     3     12    0    
8     11    2     14   
13    7     9     15   
--------Step 15--------: L
5     1     4     10   
6     3     0     12   
8     11    2     14   
13    7     9     15   
--------Step 16--------: D
5     1     4     10   
6     3     2     12   
8     11    0     14   
13    7     9     15   
--------Step 17--------: D
5     1     4     10   
6     3     2     12   
8     11    9     14   
13    7     0     15   
--------Step 18--------: L
5     1     4     10   
6     3     2     12   
8     11    9     14   
13    0     7     15   
--------Step 19--------: U
5     1     4     10   
6     3     2     12   
8     0     9     14   
13    11    7     15   
--------Step 20--------: R
5     1     4     10   
6     3     2     12   
8     9     0     14   
13    11    7     15   
--------Step 21--------: R
5     1     4     10   
6     3     2     12   
8     9     14    0    
13    11    7     15   
--------Step 22--------: U
5     1     4     10   
6     3     2     0    
8     9     14    12   
13    11    7     15   
--------Step 23--------: U
5     1     4     0    
6     3     2     10   
8     9     14    12   
13    11    7     15   
--------Step 24--------: L
5     1     0     4    
6     3     2     10   
8     9     14    12   
13    11    7     15   
--------Step 25--------: D
5     1     2     4    
6     3     0     10   
8     9     14    12   
13    11    7     15   
--------Step 26--------: L
5     1     2     4    
6     0     3     10   
8     9     14    12   
13    11    7     15   
--------Step 27--------: L
5     1     2     4    
0     6     3     10   
8     9     14    12   
13    11    7     15   
--------Step 28--------: D
5     1     2     4    
8     6     3     10   
0     9     14    12   
13    11    7     15   
--------Step 29--------: R
5     1     2     4    
8     6     3     10   
9     0     14    12   
13    11    7     15   
--------Step 30--------: U
5     1     2     4    
8     0     3     10   
9     6     14    12   
13    11    7     15   
--------Step 31--------: L
5     1     2     4    
0     8     3     10   
9     6     14    12   
13    11    7     15   
--------Step 32--------: U
0     1     2     4    
5     8     3     10   
9     6     14    12   
13    11    7     15   
--------Step 33--------: R
1     0     2     4    
5     8     3     10   
9     6     14    12   
13    11    7     15   
--------Step 34--------: R
1     2     0     4    
5     8     3     10   
9     6     14    12   
13    11    7     15   
--------Step 35--------: D
1     2     3     4    
5     8     0     10   
9     6     14    12   
13    11    7     15   
--------Step 36--------: L
1     2     3     4    
5     0     8     10   
9     6     14    12   
13    11    7     15   
--------Step 37--------: D
1     2     3     4    
5     6     8     10   
9     0     14    12   
13    11    7     15   
--------Step 38--------: R
1     2     3     4    
5     6     8     10   
9     14    0     12   
13    11    7     15   
--------Step 39--------: D
1     2     3     4    
5     6     8     10   
9     14    7     12   
13    11    0     15   
--------Step 40--------: R
1     2     3     4    
5     6     8     10   
9     14    7     12   
13    11    15    0    
--------Step 41--------: U
1     2     3     4    
5     6     8     10   
9     14    7     0    
13    11    15    12   
--------Step 42--------: U
1     2     3     4    
5     6     8     0    
9     14    7     10   
13    11    15    12   
--------Step 43--------: L
1     2     3     4    
5     6     0     8    
9     14    7     10   
13    11    15    12   
--------Step 44--------: D
1     2     3     4    
5     6     7     8    
9     14    0     10   
13    11    15    12   
--------Step 45--------: R
1     2     3     4    
5     6     7     8    
9     14    10    0    
13    11    15    12   
--------Step 46--------: D
1     2     3     4    
5     6     7     8    
9     14    10    12   
13    11    15    0    
--------Step 47--------: L
1     2     3     4    
5     6     7     8    
9     14    10    12   
13    11    0     15   
--------Step 48--------: L
1     2     3     4    
5     6     7     8    
9     14    10    12   
13    0     11    15   
--------Step 49--------: U
1     2     3     4    
5     6     7     8    
9     0     10    12   
13    14    11    15   
--------Step 50--------: R
1     2     3     4    
5     6     7     8    
9     10    0     12   
13    14    11    15   
--------Step 51--------: D
1     2     3     4    
5     6     7     8    
9     10    11    12   
13    14    0     15   
--------Step 52--------: R
1     2     3     4    
5     6     7     8    
9     10    11    12   
13    14    15    0    

Time: 25.1930 s
Peak Memory: 525714.88 KB
