--------Step 0--------
10    0     15    3    
8     11    6     13   
14    1     12    9    
7     5     2     4    
--------Step 1--------: D
10    11    15    3    
8     0     6     13   
14    1     12    9    
7     5     2     4    
--------Step 2--------: D
10    11    15    3    
8     1     6     13   
14    0     12    9    
7     5     2     4    
--------Step 3--------: D
10    11    15    3    
8     1     6     13   
14    5     12    9    
7     0     2     4    
--------Step 4--------: R
10    11    15    3    
8     1     6     13   
14    5     12    9    
7     2     0     4    
--------Step 5--------: U
10    11    15    3    
8     1     6     13   
14    5     0     9    
7     2     12    4    
--------Step 6--------: R
10    11    15    3    
8     1     6     13   
14    5     9     0    
7     2     12    4    
--------Step 7--------: D
10    11    15    3    
8     1     6     13   
14    5     9     4    
7     2     12    0    
--------Step 8--------: L
10    11    15    3    
8     1     6     13   
14    5     9     4    
7     2     0     12   
--------Step 9--------: U
10    11    15    3    
8     1     6     13   
14    5     0     4    
7     2     9     12   
--------Step 10--------: U
10    11    15    3    
8     1     0     13   
14    5     6     4    
7     2     9     12   
--------Step 11--------: R
10    11    15    3    
8     1     13    0    
14    5     6     4    
7     2     9     12   
--------Step 12--------: D
10    11    15    3    
8     1     13    4    
14    5     6     0    
7     2     9     12   
--------Step 13--------: L
10    11    15    3    
8     1     13    4    
14    5     0     6    
7     2     9     12   
--------Step 14--------: U
10    11    15    3    
8     1     0     4    
14    5     13    6    
7     2     9     12   
--------Step 15--------: U
10    11    0     3    
8     1     15    4    
14    5     13    6    
7     2     9     12   
--------Step 16--------: L
10    0     11    3    
8     1     15    4    
14    5     13    6    
7     2     9     12   
--------Step 17--------: D
10    1     11    3    
8     0     15    4    
14    5     13    6    
7     2     9     12   
--------Step 18--------: D
10    1     11    3    
8     5     15    4    
14    0     13    6    
7     2     9     12   
--------Step 19--------: D
10    1     11    3    
8     5     15    4    
14    2     13    6    
7     0     9     12   
--------Step 20--------: L
10    1     11    3    
8     5     15    4    
14    2     13    6    
0     7     9     12   
--------Step 21--------: U
10    1     11    3    
8     5     15    4    
0     2     13    6    
14    7     9     12   
--------Step 22--------: U
10    1     11    3    
0     5     15    4    
8     2     13    6    
14    7     9     12   
--------Step 23--------: R
10    1     11    3    
5     0     15    4    
8     2     13    6    
14    7     9     12   
--------Step 24--------: D
10    1     11    3    
5     2     15    4    
8     0     13    6    
14    7     9     12   
--------Step 25--------: L
10    1     11    3    
5     2     15    4    
0     8     13    6    
14    7     9     12   
--------Step 26--------: U
10    1     11    3    
0     2     15    4    
5     8     13    6    
14    7     9     12   
--------Step 27--------: U
0     1     11    3    
10    2     15    4    
5     8     13    6    
14    7     9     12   
--------Step 28--------: R
1     0     11    3    
10    2     15    4    
5     8     13    6    
14    7     9     12   
--------Step 29--------: D
1     2     11    3    
10    0     15    4    
5     8     13    6    
14    7     9     12   
--------Step 30--------: D
1     2     11    3    
10    8     15    4    
5     0     13    6    
14    7     9     12   
--------Step 31--------: R
1     2     11    3    
10    8     15    4    
5     13    0     6    
14    7     9     12   
--------Step 32--------: U
1     2     11    3    
10    8     0     4    
5     13    15    6    
14    7     9     12   
--------Step 33--------: U
1     2     0     3    
10    8     11    4    
5     13    15    6    
14    7     9     12   
--------Step 34--------: R
1     2     3     0    
10    8     11    4    
5     13    15    6    
14    7     9     12   
--------Step 35--------: D
1     2     3     4    
10    8     11    0    
5     13    15    6    
14    7     9     12   
--------Step 36--------: L
1     2     3     4    
10    8     0     11   
5     13    15    6    
14    7     9     12   
--------Step 37--------: L
1     2     3     4    
10    0     8     11   
5     13    15    6    
14    7     9     12   
--------Step 38--------: L
1     2     3     4    
0     10    8     11   
5     13    15    6    
14    7     9     12   
--------Step 39--------: D
1     2     3     4    
5     10    8     11   
0     13    15    6    
14    7     9     12   
--------Step 40--------: R
1     2     3     4    
5     10    8     11   
13    0     15    6    
14    7     9     12   
--------Step 41--------: D
1     2     3     4    
5     10    8     11   
13    7     15    6    
14    0     9     12   
--------Step 42--------: R
1     2     3     4    
5     10    8     11   
13    7     15    6    
14    9     0     12   
--------Step 43--------: U
1     2     3     4    
5     10    8     11   
13    7     0     6    
14    9     15    12   
--------Step 44--------: R
1     2     3     4    
5     10    8     11   
13    7     6     0    
14    9     15    12   
--------Step 45--------: U
1     2     3     4    
5     10    8     0    
13    7     6     11   
14    9     15    12   
--------Step 46--------: L
1     2     3     4    
5     10    0     8    
13    7     6     11   
14    9     15    12   
--------Step 47--------: D
1     2     3     4    
5     10    6     8    
13    7     0     11   
14    9     15    12   
--------Step 48--------: L
1     2     3     4    
5     10    6     8    
13    0     7     11   
14    9     15    12   
--------Step 49--------: D
1     2     3     4    
5     10    6     8    
13    9     7     11   
14    0     15    12   
--------Step 50--------: L
1     2     3     4    
5     10    6     8    
13    9     7     11   
0     14    15    12   
--------Step 51--------: U
1     2     3     4    
5     10    6     8    
0     9     7     11   
13    14    15    12   
--------Step 52--------: R
1     2     3     4    
5     10    6     8    
9     0     7     11   
13    14    15    12   
--------Step 53--------: U
1     2     3     4    
5     0     6     8    
9     10    7     11   
13    14    15    12   
--------Step 54--------: R
1     2     3     4    
5     6     0     8    
9     10    7     11   
13    14    15    12   
--------Step 55--------: D
1     2     3     4    
5     6     7     8    
9     10    0     11   
13    14    15    12   
--------Step 56--------: R
1     2     3     4    
5     6     7     8    
9     10    11    0    
13    14    15    12   
--------Step 57--------: D
1     2     3     4    
5     6     7     8    
9     10    11    12   
13    14    15    0    

Time: 121.8321 s
Peak Memory: 3035425.16 KB
