--------Step 0--------
1     2     4     8    
5     7     11    10   
13    15    0     3    
14    6     9     12   
--------Step 1--------: L
1     2     4     8    
5     7     11    10   
13    0     15    3    
14    6     9     12   
--------Step 2--------: D
1     2     4     8    
5     7     11    10   
13    6     15    3    
14    0     9     12   
--------Step 3--------: R
1     2     4     8    
5     7     11    10   
13    6     15    3    
14    9     0     12   
--------Step 4--------: U
1     2     4     8    
5     7     11    10   
13    6     0     3    
14    9     15    12   
--------Step 5--------: R
1     2     4     8    
5     7     11    10   
13    6     3     0    
14    9     15    12   
--------Step 6--------: U
1     2     4     8    
5     7     11    0    
13    6     3     10   
14    9     15    12   
--------Step 7--------: L
1     2     4     8    
5     7     0     11   
13    6     3     10   
14    9     15    12   
--------Step 8--------: D
1     2     4     8    
5     7     3     11   
13    6     0     10   
14    9     15    12   
--------Step 9--------: R
1     2     4     8    
5     7     3     11   
13    6     10    0    
14    9     15    12   
--------Step 10--------: U
1     2     4     8    
5     7     3     0    
13    6     10    11   
14    9     15    12   
--------Step 11--------: U
1     2     4     0    
5     7     3     8    
13    6     10    11   
14    9     15    12   
--------Step 12--------: L
1     2     0     4    
5     7     3     8    
13    6     10    11   
14    9     15    12   
--------Step 13--------: D
1     2     3     4    
5     7     0     8    
13    6     10    11   
14    9     15    12   
--------Step 14--------: L
1     2     3     4    
5     0     7     8    
13    6     10    11   
14    9     15    12   
--------Step 15--------: D
1     2     3     4    
5     6     7     8    
13    0     10    11   
14    9     15    12   
--------Step 16--------: D
1     2     3     4    
5     6     7     8    
13    9     10    11   
14    0     15    12   
--------Step 17--------: L
1     2     3     4    
5     6     7     8    
13    9     10    11   
0     14    15    12   
--------Step 18--------: U
1     2     3     4    
5     6     7     8    
0     9     10    11   
13    14    15    12   
--------Step 19--------: R
1     2     3     4    
5     6     7     8    
9     0     10    11   
13    14    15    12   
--------Step 20--------: R
1     2     3     4    
5     6     7     8    
9     10    0     11   
13    14    15    12   
--------Step 21--------: R
1     2     3     4    
5     6     7     8    
9     10    11    0    
13    14    15    12   
--------Step 22--------: D
1     2     3     4    
5     6     7     8    
9     10    11    12   
13    14    15    0    

Time: 0.0020 s
Peak Memory: 98.62 KB
