--------Step 0--------
11    3     1     7    
4     6     8     2    
15    9     10    13   
14    12    0     5    
--------Step 1--------: L
11    3     1     7    
4     6     8     2    
15    9     10    13   
14    0     12    5    
--------Step 2--------: U
11    3     1     7    
4     6     8     2    
15    0     10    13   
14    9     12    5    
--------Step 3--------: R
11    3     1     7    
4     6     8     2    
15    10    0     13   
14    9     12    5    
--------Step 4--------: R
11    3     1     7    
4     6     8     2    
15    10    13    0    
14    9     12    5    
--------Step 5--------: D
11    3     1     7    
4     6     8     2    
15    10    13    5    
14    9     12    0    
--------Step 6--------: L
11    3     1     7    
4     6     8     2    
15    10    13    5    
14    9     0     12   
--------Step 7--------: U
11    3     1     7    
4     6     8     2    
15    10    0     5    
14    9     13    12   
--------Step 8--------: R
11    3     1     7    
4     6     8     2    
15    10    5     0    
14    9     13    12   
--------Step 9--------: U
11    3     1     7    
4     6     8     0    
15    10    5     2    
14    9     13    12   
--------Step 10--------: L
11    3     1     7    
4     6     0     8    
15    10    5     2    
14    9     13    12   
--------Step 11--------: L
11    3     1     7    
4     0     6     8    
15    10    5     2    
14    9     13    12   
--------Step 12--------: U
11    0     1     7    
4     3     6     8    
15    10    5     2    
14    9     13    12   
--------Step 13--------: R
11    1     0     7    
4     3     6     8    
15    10    5     2    
14    9     13    12   
--------Step 14--------: D
11    1     6     7    
4     3     0     8    
15    10    5     2    
14    9     13    12   
--------Step 15--------: L
11    1     6     7    
4     0     3     8    
15    10    5     2    
14    9     13    12   
--------Step 16--------: L
11    1     6     7    
0     4     3     8    
15    10    5     2    
14    9     13    12   
--------Step 17--------: U
0     1     6     7    
11    4     3     8    
15    10    5     2    
14    9     13    12   
--------Step 18--------: R
1     0     6     7    
11    4     3     8    
15    10    5     2    
14    9     13    12   
--------Step 19--------: D
1     4     6     7    
11    0     3     8    
15    10    5     2    
14    9     13    12   
--------Step 20--------: D
1     4     6     7    
11    10    3     8    
15    0     5     2    
14    9     13    12   
--------Step 21--------: R
1     4     6     7    
11    10    3     8    
15    5     0     2    
14    9     13    12   
--------Step 22--------: R
1     4     6     7    
11    10    3     8    
15    5     2     0    
14    9     13    12   
--------Step 23--------: U
1     4     6     7    
11    10    3     0    
15    5     2     8    
14    9     13    12   
--------Step 24--------: L
1     4     6     7    
11    10    0     3    
15    5     2     8    
14    9     13    12   
--------Step 25--------: L
1     4     6     7    
11    0     10    3    
15    5     2     8    
14    9     13    12   
--------Step 26--------: D
1     4     6     7    
11    5     10    3    
15    0     2     8    
14    9     13    12   
--------Step 27--------: L
1     4     6     7    
11    5     10    3    
0     15    2     8    
14    9     13    12   
--------Step 28--------: U
1     4     6     7    
0     5     10    3    
11    15    2     8    
14    9     13    12   
--------Step 29--------: R
1     4     6     7    
5     0     10    3    
11    15    2     8    
14    9     13    12   
--------Step 30--------: R
1     4     6     7    
5     10    0     3    
11    15    2     8    
14    9     13    12   
--------Step 31--------: D
1     4     6     7    
5     10    2     3    
11    15    0     8    
14    9     13    12   
--------Step 32--------: L
1     4     6     7    
5     10    2     3    
11    0     15    8    
14    9     13    12   
--------Step 33--------: L
1     4     6     7    
5     10    2     3    
0     11    15    8    
14    9     13    12   
--------Step 34--------: D
1     4     6     7    
5     10    2     3    
14    11    15    8    
0     9     13    12   
--------Step 35--------: R
1     4     6     7    
5     10    2     3    
14    11    15    8    
9     0     13    12   
--------Step 36--------: R
1     4     6     7    
5     10    2     3    
14    11    15    8    
9     13    0     12   
--------Step 37--------: U
1     4     6     7    
5     10    2     3    
14    11    0     8    
9     13    15    12   
--------Step 38--------: L
1     4     6     7    
5     10    2     3    
14    0     11    8    
9     13    15    12   
--------Step 39--------: L
1     4     6     7    
5     10    2     3    
0     14    11    8    
9     13    15    12   
--------Step 40--------: D
1     4     6     7    
5     10    2     3    
9     14    11    8    
0     13    15    12   
--------Step 41--------: R
1     4     6     7    
5     10    2     3    
9     14    11    8    
13    0     15    12   
--------Step 42--------: U
1     4     6     7    
5     10    2     3    
9     0     11    8    
13    14    15    12   
--------Step 43--------: U
1     4     6     7    
5     0     2     3    
9     10    11    8    
13    14    15    12   
--------Step 44--------: R
1     4     6     7    
5     2     0     3    
9     10    11    8    
13    14    15    12   
--------Step 45--------: U
1     4     0     7    
5     2     6     3    
9     10    11    8    
13    14    15    12   
--------Step 46--------: L
1     0     4     7    
5     2     6     3    
9     10    11    8    
13    14    15    12   
--------Step 47--------: D
1     2     4     7    
5     0     6     3    
9     10    11    8    
13    14    15    12   
--------Step 48--------: R
1     2     4     7    
5     6     0     3    
9     10    11    8    
13    14    15    12   
--------Step 49--------: R
1     2     4     7    
5     6     3     0    
9     10    11    8    
13    14    15    12   
--------Step 50--------: U
1     2     4     0    
5     6     3     7    
9     10    11    8    
13    14    15    12   
--------Step 51--------: L
1     2     0     4    
5     6     3     7    
9     10    11    8    
13    14    15    12   
--------Step 52--------: D
1     2     3     4    
5     6     0     7    
9     10    11    8    
13    14    15    12   
--------Step 53--------: R
1     2     3     4    
5     6     7     0    
9     10    11    8    
13    14    15    12   
--------Step 54--------: D
1     2     3     4    
5     6     7     8    
9     10    11    0    
13    14    15    12   
--------Step 55--------: D
1     2     3     4    
5     6     7     8    
9     10    11    12   
13    14    15    0    

Time: 6924.2008 s
Peak Memory: 12.98 KB
