--------Step 0--------
10    0     15    3    
8     11    6     13   
14    1     12    9    
7     5     2     4    
--------Step 1--------: D
10    11    15    3    
8     0     6     13   
14    1     12    9    
7     5     2     4    
--------Step 2--------: L
10    11    15    3    
0     8     6     13   
14    1     12    9    
7     5     2     4    
--------Step 3--------: D
10    11    15    3    
14    8     6     13   
0     1     12    9    
7     5     2     4    
--------Step 4--------: D
10    11    15    3    
14    8     6     13   
7     1     12    9    
0     5     2     4    
--------Step 5--------: R
10    11    15    3    
14    8     6     13   
7     1     12    9    
5     0     2     4    
--------Step 6--------: R
10    11    15    3    
14    8     6     13   
7     1     12    9    
5     2     0     4    
--------Step 7--------: U
10    11    15    3    
14    8     6     13   
7     1     0     9    
5     2     12    4    
--------Step 8--------: R
10    11    15    3    
14    8     6     13   
7     1     9     0    
5     2     12    4    
--------Step 9--------: U
10    11    15    3    
14    8     6     0    
7     1     9     13   
5     2     12    4    
--------Step 10--------: L
10    11    15    3    
14    8     0     6    
7     1     9     13   
5     2     12    4    
--------Step 11--------: U
10    11    0     3    
14    8     15    6    
7     1     9     13   
5     2     12    4    
--------Step 12--------: L
10    0     11    3    
14    8     15    6    
7     1     9     13   
5     2     12    4    
--------Step 13--------: D
10    8     11    3    
14    0     15    6    
7     1     9     13   
5     2     12    4    
--------Step 14--------: D
10    8     11    3    
14    1     15    6    
7     0     9     13   
5     2     12    4    
--------Step 15--------: R
10    8     11    3    
14    1     15    6    
7     9     0     13   
5     2     12    4    
--------Step 16--------: R
10    8     11    3    
14    1     15    6    
7     9     13    0    
5     2     12    4    
--------Step 17--------: D
10    8     11    3    
14    1     15    6    
7     9     13    4    
5     2     12    0    
--------Step 18--------: L
10    8     11    3    
14    1     15    6    
7     9     13    4    
5     2     0     12   
--------Step 19--------: U
10    8     11    3    
14    1     15    6    
7     9     0     4    
5     2     13    12   
--------Step 20--------: U
10    8     11    3    
14    1     0     6    
7     9     15    4    
5     2     13    12   
--------Step 21--------: U
10    8     0     3    
14    1     11    6    
7     9     15    4    
5     2     13    12   
--------Step 22--------: L
10    0     8     3    
14    1     11    6    
7     9     15    4    
5     2     13    12   
--------Step 23--------: D
10    1     8     3    
14    0     11    6    
7     9     15    4    
5     2     13    12   
--------Step 24--------: D
10    1     8     3    
14    9     11    6    
7     0     15    4    
5     2     13    12   
--------Step 25--------: D
10    1     8     3    
14    9     11    6    
7     2     15    4    
5     0     13    12   
--------Step 26--------: R
10    1     8     3    
14    9     11    6    
7     2     15    4    
5     13    0     12   
--------Step 27--------: U
10    1     8     3    
14    9     11    6    
7     2     0     4    
5     13    15    12   
--------Step 28--------: U
10    1     8     3    
14    9     0     6    
7     2     11    4    
5     13    15    12   
--------Step 29--------: L
10    1     8     3    
14    0     9     6    
7     2     11    4    
5     13    15    12   
--------Step 30--------: D
10    1     8     3    
14    2     9     6    
7     0     11    4    
5     13    15    12   
--------Step 31--------: L
10    1     8     3    
14    2     9     6    
0     7     11    4    
5     13    15    12   
--------Step 32--------: U
10    1     8     3    
0     2     9     6    
14    7     11    4    
5     13    15    12   
--------Step 33--------: U
0     1     8     3    
10    2     9     6    
14    7     11    4    
5     13    15    12   
--------Step 34--------: R
1     0     8     3    
10    2     9     6    
14    7     11    4    
5     13    15    12   
--------Step 35--------: D
1     2     8     3    
10    0     9     6    
14    7     11    4    
5     13    15    12   
--------Step 36--------: R
1     2     8     3    
10    9     0     6    
14    7     11    4    
5     13    15    12   
--------Step 37--------: R
1     2     8     3    
10    9     6     0    
14    7     11    4    
5     13    15    12   
--------Step 38--------: D
1     2     8     3    
10    9     6     4    
14    7     11    0    
5     13    15    12   
--------Step 39--------: L
1     2     8     3    
10    9     6     4    
14    7     0     11   
5     13    15    12   
--------Step 40--------: L
1     2     8     3    
10    9     6     4    
14    0     7     11   
5     13    15    12   
--------Step 41--------: L
1     2     8     3    
10    9     6     4    
0     14    7     11   
5     13    15    12   
--------Step 42--------: D
1     2     8     3    
10    9     6     4    
5     14    7     11   
0     13    15    12   
--------Step 43--------: R
1     2     8     3    
10    9     6     4    
5     14    7     11   
13    0     15    12   
--------Step 44--------: U
1     2     8     3    
10    9     6     4    
5     0     7     11   
13    14    15    12   
--------Step 45--------: U
1     2     8     3    
10    0     6     4    
5     9     7     11   
13    14    15    12   
--------Step 46--------: L
1     2     8     3    
0     10    6     4    
5     9     7     11   
13    14    15    12   
--------Step 47--------: D
1     2     8     3    
5     10    6     4    
0     9     7     11   
13    14    15    12   
--------Step 48--------: R
1     2     8     3    
5     10    6     4    
9     0     7     11   
13    14    15    12   
--------Step 49--------: U
1     2     8     3    
5     0     6     4    
9     10    7     11   
13    14    15    12   
--------Step 50--------: R
1     2     8     3    
5     6     0     4    
9     10    7     11   
13    14    15    12   
--------Step 51--------: U
1     2     0     3    
5     6     8     4    
9     10    7     11   
13    14    15    12   
--------Step 52--------: R
1     2     3     0    
5     6     8     4    
9     10    7     11   
13    14    15    12   
--------Step 53--------: D
1     2     3     4    
5     6     8     0    
9     10    7     11   
13    14    15    12   
--------Step 54--------: L
1     2     3     4    
5     6     0     8    
9     10    7     11   
13    14    15    12   
--------Step 55--------: D
1     2     3     4    
5     6     7     8    
9     10    0     11   
13    14    15    12   
--------Step 56--------: R
1     2     3     4    
5     6     7     8    
9     10    11    0    
13    14    15    12   
--------Step 57--------: D
1     2     3     4    
5     6     7     8    
9     10    11    12   
13    14    15    0    

Time: 514.1722 s
Peak Memory: 18.55 KB
