--------Step 0--------
1     8     0     15   
11    14    6     13   
10    5     9     12   
4     7     2     3    
--------Step 1--------: L
1     0     8     15   
11    14    6     13   
10    5     9     12   
4     7     2     3    
--------Step 2--------: D
1     14    8     15   
11    0     6     13   
10    5     9     12   
4     7     2     3    
--------Step 3--------: D
1     14    8     15   
11    5     6     13   
10    0     9     12   
4     7     2     3    
--------Step 4--------: D
1     14    8     15   
11    5     6     13   
10    7     9     12   
4     0     2     3    
--------Step 5--------: L
1     14    8     15   
11    5     6     13   
10    7     9     12   
0     4     2     3    
--------Step 6--------: U
1     14    8     15   
11    5     6     13   
0     7     9     12   
10    4     2     3    
--------Step 7--------: U
1     14    8     15   
0     5     6     13   
11    7     9     12   
10    4     2     3    
--------Step 8--------: R
1     14    8     15   
5     0     6     13   
11    7     9     12   
10    4     2     3    
--------Step 9--------: D
1     14    8     15   
5     7     6     13   
11    0     9     12   
10    4     2     3    
--------Step 10--------: D
1     14    8     15   
5     7     6     13   
11    4     9     12   
10    0     2     3    
--------Step 11--------: R
1     14    8     15   
5     7     6     13   
11    4     9     12   
10    2     0     3    
--------Step 12--------: U
1     14    8     15   
5     7     6     13   
11    4     0     12   
10    2     9     3    
--------Step 13--------: L
1     14    8     15   
5     7     6     13   
11    0     4     12   
10    2     9     3    
--------Step 14--------: D
1     14    8     15   
5     7     6     13   
11    2     4     12   
10    0     9     3    
--------Step 15--------: R
1     14    8     15   
5     7     6     13   
11    2     4     12   
10    9     0     3    
--------Step 16--------: R
1     14    8     15   
5     7     6     13   
11    2     4     12   
10    9     3     0    
--------Step 17--------: U
1     14    8     15   
5     7     6     13   
11    2     4     0    
10    9     3     12   
--------Step 18--------: U
1     14    8     15   
5     7     6     0    
11    2     4     13   
10    9     3     12   
--------Step 19--------: U
1     14    8     0    
5     7     6     15   
11    2     4     13   
10    9     3     12   
--------Step 20--------: L
1     14    0     8    
5     7     6     15   
11    2     4     13   
10    9     3     12   
--------Step 21--------: D
1     14    6     8    
5     7     0     15   
11    2     4     13   
10    9     3     12   
--------Step 22--------: D
1     14    6     8    
5     7     4     15   
11    2     0     13   
10    9     3     12   
--------Step 23--------: L
1     14    6     8    
5     7     4     15   
11    0     2     13   
10    9     3     12   
--------Step 24--------: U
1     14    6     8    
5     0     4     15   
11    7     2     13   
10    9     3     12   
--------Step 25--------: U
1     0     6     8    
5     14    4     15   
11    7     2     13   
10    9     3     12   
--------Step 26--------: R
1     6     0     8    
5     14    4     15   
11    7     2     13   
10    9     3     12   
--------Step 27--------: D
1     6     4     8    
5     14    0     15   
11    7     2     13   
10    9     3     12   
--------Step 28--------: D
1     6     4     8    
5     14    2     15   
11    7     0     13   
10    9     3     12   
--------Step 29--------: D
1     6     4     8    
5     14    2     15   
11    7     3     13   
10    9     0     12   
--------Step 30--------: R
1     6     4     8    
5     14    2     15   
11    7     3     13   
10    9     12    0    
--------Step 31--------: U
1     6     4     8    
5     14    2     15   
11    7     3     0    
10    9     12    13   
--------Step 32--------: U
1     6     4     8    
5     14    2     0    
11    7     3     15   
10    9     12    13   
--------Step 33--------: U
1     6     4     0    
5     14    2     8    
11    7     3     15   
10    9     12    13   
--------Step 34--------: L
1     6     0     4    
5     14    2     8    
11    7     3     15   
10    9     12    13   
--------Step 35--------: D
1     6     2     4    
5     14    0     8    
11    7     3     15   
10    9     12    13   
--------Step 36--------: D
1     6     2     4    
5     14    3     8    
11    7     0     15   
10    9     12    13   
--------Step 37--------: L
1     6     2     4    
5     14    3     8    
11    0     7     15   
10    9     12    13   
--------Step 38--------: U
1     6     2     4    
5     0     3     8    
11    14    7     15   
10    9     12    13   
--------Step 39--------: U
1     0     2     4    
5     6     3     8    
11    14    7     15   
10    9     12    13   
--------Step 40--------: R
1     2     0     4    
5     6     3     8    
11    14    7     15   
10    9     12    13   
--------Step 41--------: D
1     2     3     4    
5     6     0     8    
11    14    7     15   
10    9     12    13   
--------Step 42--------: D
1     2     3     4    
5     6     7     8    
11    14    0     15   
10    9     12    13   
--------Step 43--------: D
1     2     3     4    
5     6     7     8    
11    14    12    15   
10    9     0     13   
--------Step 44--------: R
1     2     3     4    
5     6     7     8    
11    14    12    15   
10    9     13    0    
--------Step 45--------: U
1     2     3     4    
5     6     7     8    
11    14    12    0    
10    9     13    15   
--------Step 46--------: L
1     2     3     4    
5     6     7     8    
11    14    0     12   
10    9     13    15   
--------Step 47--------: L
1     2     3     4    
5     6     7     8    
11    0     14    12   
10    9     13    15   
--------Step 48--------: L
1     2     3     4    
5     6     7     8    
0     11    14    12   
10    9     13    15   
--------Step 49--------: D
1     2     3     4    
5     6     7     8    
10    11    14    12   
0     9     13    15   
--------Step 50--------: R
1     2     3     4    
5     6     7     8    
10    11    14    12   
9     0     13    15   
--------Step 51--------: R
1     2     3     4    
5     6     7     8    
10    11    14    12   
9     13    0     15   
--------Step 52--------: U
1     2     3     4    
5     6     7     8    
10    11    0     12   
9     13    14    15   
--------Step 53--------: L
1     2     3     4    
5     6     7     8    
10    0     11    12   
9     13    14    15   
--------Step 54--------: L
1     2     3     4    
5     6     7     8    
0     10    11    12   
9     13    14    15   
--------Step 55--------: D
1     2     3     4    
5     6     7     8    
9     10    11    12   
0     13    14    15   
--------Step 56--------: R
1     2     3     4    
5     6     7     8    
9     10    11    12   
13    0     14    15   
--------Step 57--------: R
1     2     3     4    
5     6     7     8    
9     10    11    12   
13    14    0     15   
--------Step 58--------: R
1     2     3     4    
5     6     7     8    
9     10    11    12   
13    14    15    0    

Time: 1424.6235 s
Peak Memory: 18.50 KB
