--------Step 0--------
11    5     2     14   
13    12    9     3    
10    0     6     1    
8     4     15    7    
--------Step 1--------: U
11    5     2     14   
13    0     9     3    
10    12    6     1    
8     4     15    7    
--------Step 2--------: R
11    5     2     14   
13    9     0     3    
10    12    6     1    
8     4     15    7    
--------Step 3--------: D
11    5     2     14   
13    9     6     3    
10    12    0     1    
8     4     15    7    
--------Step 4--------: L
11    5     2     14   
13    9     6     3    
10    0     12    1    
8     4     15    7    
--------Step 5--------: D
11    5     2     14   
13    9     6     3    
10    4     12    1    
8     0     15    7    
--------Step 6--------: R
11    5     2     14   
13    9     6     3    
10    4     12    1    
8     15    0     7    
--------Step 7--------: U
11    5     2     14   
13    9     6     3    
10    4     0     1    
8     15    12    7    
--------Step 8--------: R
11    5     2     14   
13    9     6     3    
10    4     1     0    
8     15    12    7    
--------Step 9--------: D
11    5     2     14   
13    9     6     3    
10    4     1     7    
8     15    12    0    
--------Step 10--------: L
11    5     2     14   
13    9     6     3    
10    4     1     7    
8     15    0     12   
--------Step 11--------: L
11    5     2     14   
13    9     6     3    
10    4     1     7    
8     0     15    12   
--------Step 12--------: L
11    5     2     14   
13    9     6     3    
10    4     1     7    
0     8     15    12   
--------Step 13--------: U
11    5     2     14   
13    9     6     3    
0     4     1     7    
10    8     15    12   
--------Step 14--------: U
11    5     2     14   
0     9     6     3    
13    4     1     7    
10    8     15    12   
--------Step 15--------: R
11    5     2     14   
9     0     6     3    
13    4     1     7    
10    8     15    12   
--------Step 16--------: D
11    5     2     14   
9     4     6     3    
13    0     1     7    
10    8     15    12   
--------Step 17--------: R
11    5     2     14   
9     4     6     3    
13    1     0     7    
10    8     15    12   
--------Step 18--------: U
11    5     2     14   
9     4     0     3    
13    1     6     7    
10    8     15    12   
--------Step 19--------: L
11    5     2     14   
9     0     4     3    
13    1     6     7    
10    8     15    12   
--------Step 20--------: D
11    5     2     14   
9     1     4     3    
13    0     6     7    
10    8     15    12   
--------Step 21--------: D
11    5     2     14   
9     1     4     3    
13    8     6     7    
10    0     15    12   
--------Step 22--------: L
11    5     2     14   
9     1     4     3    
13    8     6     7    
0     10    15    12   
--------Step 23--------: U
11    5     2     14   
9     1     4     3    
0     8     6     7    
13    10    15    12   
--------Step 24--------: U
11    5     2     14   
0     1     4     3    
9     8     6     7    
13    10    15    12   
--------Step 25--------: U
0     5     2     14   
11    1     4     3    
9     8     6     7    
13    10    15    12   
--------Step 26--------: R
5     0     2     14   
11    1     4     3    
9     8     6     7    
13    10    15    12   
--------Step 27--------: D
5     1     2     14   
11    0     4     3    
9     8     6     7    
13    10    15    12   
--------Step 28--------: L
5     1     2     14   
0     11    4     3    
9     8     6     7    
13    10    15    12   
--------Step 29--------: U
0     1     2     14   
5     11    4     3    
9     8     6     7    
13    10    15    12   
--------Step 30--------: R
1     0     2     14   
5     11    4     3    
9     8     6     7    
13    10    15    12   
--------Step 31--------: R
1     2     0     14   
5     11    4     3    
9     8     6     7    
13    10    15    12   
--------Step 32--------: D
1     2     4     14   
5     11    0     3    
9     8     6     7    
13    10    15    12   
--------Step 33--------: R
1     2     4     14   
5     11    3     0    
9     8     6     7    
13    10    15    12   
--------Step 34--------: U
1     2     4     0    
5     11    3     14   
9     8     6     7    
13    10    15    12   
--------Step 35--------: L
1     2     0     4    
5     11    3     14   
9     8     6     7    
13    10    15    12   
--------Step 36--------: D
1     2     3     4    
5     11    0     14   
9     8     6     7    
13    10    15    12   
--------Step 37--------: D
1     2     3     4    
5     11    6     14   
9     8     0     7    
13    10    15    12   
--------Step 38--------: L
1     2     3     4    
5     11    6     14   
9     0     8     7    
13    10    15    12   
--------Step 39--------: U
1     2     3     4    
5     0     6     14   
9     11    8     7    
13    10    15    12   
--------Step 40--------: R
1     2     3     4    
5     6     0     14   
9     11    8     7    
13    10    15    12   
--------Step 41--------: D
1     2     3     4    
5     6     8     14   
9     11    0     7    
13    10    15    12   
--------Step 42--------: R
1     2     3     4    
5     6     8     14   
9     11    7     0    
13    10    15    12   
--------Step 43--------: U
1     2     3     4    
5     6     8     0    
9     11    7     14   
13    10    15    12   
--------Step 44--------: L
1     2     3     4    
5     6     0     8    
9     11    7     14   
13    10    15    12   
--------Step 45--------: D
1     2     3     4    
5     6     7     8    
9     11    0     14   
13    10    15    12   
--------Step 46--------: R
1     2     3     4    
5     6     7     8    
9     11    14    0    
13    10    15    12   
--------Step 47--------: D
1     2     3     4    
5     6     7     8    
9     11    14    12   
13    10    15    0    
--------Step 48--------: L
1     2     3     4    
5     6     7     8    
9     11    14    12   
13    10    0     15   
--------Step 49--------: U
1     2     3     4    
5     6     7     8    
9     11    0     12   
13    10    14    15   
--------Step 50--------: L
1     2     3     4    
5     6     7     8    
9     0     11    12   
13    10    14    15   
--------Step 51--------: D
1     2     3     4    
5     6     7     8    
9     10    11    12   
13    0     14    15   
--------Step 52--------: R
1     2     3     4    
5     6     7     8    
9     10    11    12   
13    14    0     15   
--------Step 53--------: R
1     2     3     4    
5     6     7     8    
9     10    11    12   
13    14    15    0    

Time: 65.4259 s
Peak Memory: 17.40 KB
