--------Step 0--------
0     6     5     10   
3     4     1     14   
8     11    12    15   
13    7     2     9    
--------Step 1--------: R
6     0     5     10   
3     4     1     14   
8     11    12    15   
13    7     2     9    
--------Step 2--------: D
6     4     5     10   
3     0     1     14   
8     11    12    15   
13    7     2     9    
--------Step 3--------: R
6     4     5     10   
3     1     0     14   
8     11    12    15   
13    7     2     9    
--------Step 4--------: U
6     4     0     10   
3     1     5     14   
8     11    12    15   
13    7     2     9    
--------Step 5--------: L
6     0     4     10   
3     1     5     14   
8     11    12    15   
13    7     2     9    
--------Step 6--------: D
6     1     4     10   
3     0     5     14   
8     11    12    15   
13    7     2     9    
--------Step 7--------: R
6     1     4     10   
3     5     0     14   
8     11    12    15   
13    7     2     9    
--------Step 8--------: D
6     1     4     10   
3     5     12    14   
8     11    0     15   
13    7     2     9    
--------Step 9--------: D
6     1     4     10   
3     5     12    14   
8     11    2     15   
13    7     0     9    
--------Step 10--------: L
6     1     4     10   
3     5     12    14   
8     11    2     15   
13    0     7     9    
--------Step 11--------: U
6     1     4     10   
3     5     12    14   
8     0     2     15   
13    11    7     9    
--------Step 12--------: U
6     1     4     10   
3     0     12    14   
8     5     2     15   
13    11    7     9    
--------Step 13--------: R
6     1     4     10   
3     12    0     14   
8     5     2     15   
13    11    7     9    
--------Step 14--------: D
6     1     4     10   
3     12    2     14   
8     5     0     15   
13    11    7     9    
--------Step 15--------: D
6     1     4     10   
3     12    2     14   
8     5     7     15   
13    11    0     9    
--------Step 16--------: R
6     1     4     10   
3     12    2     14   
8     5     7     15   
13    11    9     0    
--------Step 17--------: U
6     1     4     10   
3     12    2     14   
8     5     7     0    
13    11    9     15   
--------Step 18--------: U
6     1     4     10   
3     12    2     0    
8     5     7     14   
13    11    9     15   
--------Step 19--------: U
6     1     4     0    
3     12    2     10   
8     5     7     14   
13    11    9     15   
--------Step 20--------: L
6     1     0     4    
3     12    2     10   
8     5     7     14   
13    11    9     15   
--------Step 21--------: D
6     1     2     4    
3     12    0     10   
8     5     7     14   
13    11    9     15   
--------Step 22--------: L
6     1     2     4    
3     0     12    10   
8     5     7     14   
13    11    9     15   
--------Step 23--------: L
6     1     2     4    
0     3     12    10   
8     5     7     14   
13    11    9     15   
--------Step 24--------: D
6     1     2     4    
8     3     12    10   
0     5     7     14   
13    11    9     15   
--------Step 25--------: R
6     1     2     4    
8     3     12    10   
5     0     7     14   
13    11    9     15   
--------Step 26--------: R
6     1     2     4    
8     3     12    10   
5     7     0     14   
13    11    9     15   
--------Step 27--------: R
6     1     2     4    
8     3     12    10   
5     7     14    0    
13    11    9     15   
--------Step 28--------: U
6     1     2     4    
8     3     12    0    
5     7     14    10   
13    11    9     15   
--------Step 29--------: L
6     1     2     4    
8     3     0     12   
5     7     14    10   
13    11    9     15   
--------Step 30--------: L
6     1     2     4    
8     0     3     12   
5     7     14    10   
13    11    9     15   
--------Step 31--------: L
6     1     2     4    
0     8     3     12   
5     7     14    10   
13    11    9     15   
--------Step 32--------: U
0     1     2     4    
6     8     3     12   
5     7     14    10   
13    11    9     15   
--------Step 33--------: R
1     0     2     4    
6     8     3     12   
5     7     14    10   
13    11    9     15   
--------Step 34--------: R
1     2     0     4    
6     8     3     12   
5     7     14    10   
13    11    9     15   
--------Step 35--------: D
1     2     3     4    
6     8     0     12   
5     7     14    10   
13    11    9     15   
--------Step 36--------: L
1     2     3     4    
6     0     8     12   
5     7     14    10   
13    11    9     15   
--------Step 37--------: D
1     2     3     4    
6     7     8     12   
5     0     14    10   
13    11    9     15   
--------Step 38--------: R
1     2     3     4    
6     7     8     12   
5     14    0     10   
13    11    9     15   
--------Step 39--------: D
1     2     3     4    
6     7     8     12   
5     14    9     10   
13    11    0     15   
--------Step 40--------: L
1     2     3     4    
6     7     8     12   
5     14    9     10   
13    0     11    15   
--------Step 41--------: U
1     2     3     4    
6     7     8     12   
5     0     9     10   
13    14    11    15   
--------Step 42--------: R
1     2     3     4    
6     7     8     12   
5     9     0     10   
13    14    11    15   
--------Step 43--------: R
1     2     3     4    
6     7     8     12   
5     9     10    0    
13    14    11    15   
--------Step 44--------: U
1     2     3     4    
6     7     8     0    
5     9     10    12   
13    14    11    15   
--------Step 45--------: L
1     2     3     4    
6     7     0     8    
5     9     10    12   
13    14    11    15   
--------Step 46--------: L
1     2     3     4    
6     0     7     8    
5     9     10    12   
13    14    11    15   
--------Step 47--------: L
1     2     3     4    
0     6     7     8    
5     9     10    12   
13    14    11    15   
--------Step 48--------: D
1     2     3     4    
5     6     7     8    
0     9     10    12   
13    14    11    15   
--------Step 49--------: R
1     2     3     4    
5     6     7     8    
9     0     10    12   
13    14    11    15   
--------Step 50--------: R
1     2     3     4    
5     6     7     8    
9     10    0     12   
13    14    11    15   
--------Step 51--------: D
1     2     3     4    
5     6     7     8    
9     10    11    12   
13    14    0     15   
--------Step 52--------: R
1     2     3     4    
5     6     7     8    
9     10    11    12   
13    14    15    0    

Time: 142.9740 s
Peak Memory: 17.09 KB
