--------Step 0--------
6     10    3     15   
14    8     7     11   
5     1     0     2    
13    12    9     4    
--------Step 1--------: D
6     10    3     15   
14    8     7     11   
5     1     9     2    
13    12    0     4    
--------Step 2--------: L
6     10    3     15   
14    8     7     11   
5     1     9     2    
13    0     12    4    
--------Step 3--------: L
6     10    3     15   
14    8     7     11   
5     1     9     2    
0     13    12    4    
--------Step 4--------: U
6     10    3     15   
14    8     7     11   
0     1     9     2    
5     13    12    4    
--------Step 5--------: R
6     10    3     15   
14    8     7     11   
1     0     9     2    
5     13    12    4    
--------Step 6--------: R
6     10    3     15   
14    8     7     11   
1     9     0     2    
5     13    12    4    
--------Step 7--------: U
6     10    3     15   
14    8     0     11   
1     9     7     2    
5     13    12    4    
--------Step 8--------: R
6     10    3     15   
14    8     11    0    
1     9     7     2    
5     13    12    4    
--------Step 9--------: D
6     10    3     15   
14    8     11    2    
1     9     7     0    
5     13    12    4    
--------Step 10--------: D
6     10    3     15   
14    8     11    2    
1     9     7     4    
5     13    12    0    
--------Step 11--------: L
6     10    3     15   
14    8     11    2    
1     9     7     4    
5     13    0     12   
--------Step 12--------: L
6     10    3     15   
14    8     11    2    
1     9     7     4    
5     0     13    12   
--------Step 13--------: U
6     10    3     15   
14    8     11    2    
1     0     7     4    
5     9     13    12   
--------Step 14--------: R
6     10    3     15   
14    8     11    2    
1     7     0     4    
5     9     13    12   
--------Step 15--------: U
6     10    3     15   
14    8     0     2    
1     7     11    4    
5     9     13    12   
--------Step 16--------: R
6     10    3     15   
14    8     2     0    
1     7     11    4    
5     9     13    12   
--------Step 17--------: U
6     10    3     0    
14    8     2     15   
1     7     11    4    
5     9     13    12   
--------Step 18--------: L
6     10    0     3    
14    8     2     15   
1     7     11    4    
5     9     13    12   
--------Step 19--------: D
6     10    2     3    
14    8     0     15   
1     7     11    4    
5     9     13    12   
--------Step 20--------: R
6     10    2     3    
14    8     15    0    
1     7     11    4    
5     9     13    12   
--------Step 21--------: D
6     10    2     3    
14    8     15    4    
1     7     11    0    
5     9     13    12   
--------Step 22--------: L
6     10    2     3    
14    8     15    4    
1     7     0     11   
5     9     13    12   
--------Step 23--------: U
6     10    2     3    
14    8     0     4    
1     7     15    11   
5     9     13    12   
--------Step 24--------: L
6     10    2     3    
14    0     8     4    
1     7     15    11   
5     9     13    12   
--------Step 25--------: L
6     10    2     3    
0     14    8     4    
1     7     15    11   
5     9     13    12   
--------Step 26--------: D
6     10    2     3    
1     14    8     4    
0     7     15    11   
5     9     13    12   
--------Step 27--------: D
6     10    2     3    
1     14    8     4    
5     7     15    11   
0     9     13    12   
--------Step 28--------: R
6     10    2     3    
1     14    8     4    
5     7     15    11   
9     0     13    12   
--------Step 29--------: R
6     10    2     3    
1     14    8     4    
5     7     15    11   
9     13    0     12   
--------Step 30--------: U
6     10    2     3    
1     14    8     4    
5     7     0     11   
9     13    15    12   
--------Step 31--------: L
6     10    2     3    
1     14    8     4    
5     0     7     11   
9     13    15    12   
--------Step 32--------: U
6     10    2     3    
1     0     8     4    
5     14    7     11   
9     13    15    12   
--------Step 33--------: U
6     0     2     3    
1     10    8     4    
5     14    7     11   
9     13    15    12   
--------Step 34--------: L
0     6     2     3    
1     10    8     4    
5     14    7     11   
9     13    15    12   
--------Step 35--------: D
1     6     2     3    
0     10    8     4    
5     14    7     11   
9     13    15    12   
--------Step 36--------: D
1     6     2     3    
5     10    8     4    
0     14    7     11   
9     13    15    12   
--------Step 37--------: D
1     6     2     3    
5     10    8     4    
9     14    7     11   
0     13    15    12   
--------Step 38--------: R
1     6     2     3    
5     10    8     4    
9     14    7     11   
13    0     15    12   
--------Step 39--------: U
1     6     2     3    
5     10    8     4    
9     0     7     11   
13    14    15    12   
--------Step 40--------: U
1     6     2     3    
5     0     8     4    
9     10    7     11   
13    14    15    12   
--------Step 41--------: U
1     0     2     3    
5     6     8     4    
9     10    7     11   
13    14    15    12   
--------Step 42--------: R
1     2     0     3    
5     6     8     4    
9     10    7     11   
13    14    15    12   
--------Step 43--------: R
1     2     3     0    
5     6     8     4    
9     10    7     11   
13    14    15    12   
--------Step 44--------: D
1     2     3     4    
5     6     8     0    
9     10    7     11   
13    14    15    12   
--------Step 45--------: L
1     2     3     4    
5     6     0     8    
9     10    7     11   
13    14    15    12   
--------Step 46--------: D
1     2     3     4    
5     6     7     8    
9     10    0     11   
13    14    15    12   
--------Step 47--------: R
1     2     3     4    
5     6     7     8    
9     10    11    0    
13    14    15    12   
--------Step 48--------: D
1     2     3     4    
5     6     7     8    
9     10    11    12   
13    14    15    0    

Time: 74.7587 s
Peak Memory: 1606712.52 KB
