--------Step 0--------
14    10    6     0    
4     9     1     8    
2     3     5     11   
12    13    7     15   
--------Step 1--------: L
14    10    0     6    
4     9     1     8    
2     3     5     11   
12    13    7     15   
--------Step 2--------: L
14    0     10    6    
4     9     1     8    
2     3     5     11   
12    13    7     15   
--------Step 3--------: D
14    9     10    6    
4     0     1     8    
2     3     5     11   
12    13    7     15   
--------Step 4--------: L
14    9     10    6    
0     4     1     8    
2     3     5     11   
12    13    7     15   
--------Step 5--------: U
0     9     10    6    
14    4     1     8    
2     3     5     11   
12    13    7     15   
--------Step 6--------: R
9     0     10    6    
14    4     1     8    
2     3     5     11   
12    13    7     15   
--------Step 7--------: D
9     4     10    6    
14    0     1     8    
2     3     5     11   
12    13    7     15   
--------Step 8--------: R
9     4     10    6    
14    1     0     8    
2     3     5     11   
12    13    7     15   
--------Step 9--------: U
9     4     0     6    
14    1     10    8    
2     3     5     11   
12    13    7     15   
--------Step 10--------: L
9     0     4     6    
14    1     10    8    
2     3     5     11   
12    13    7     15   
--------Step 11--------: D
9     1     4     6    
14    0     10    8    
2     3     5     11   
12    13    7     15   
--------Step 12--------: D
9     1     4     6    
14    3     10    8    
2     0     5     11   
12    13    7     15   
--------Step 13--------: L
9     1     4     6    
14    3     10    8    
0     2     5     11   
12    13    7     15   
--------Step 14--------: U
9     1     4     6    
0     3     10    8    
14    2     5     11   
12    13    7     15   
--------Step 15--------: U
0     1     4     6    
9     3     10    8    
14    2     5     11   
12    13    7     15   
--------Step 16--------: R
1     0     4     6    
9     3     10    8    
14    2     5     11   
12    13    7     15   
--------Step 17--------: D
1     3     4     6    
9     0     10    8    
14    2     5     11   
12    13    7     15   
--------Step 18--------: D
1     3     4     6    
9     2     10    8    
14    0     5     11   
12    13    7     15   
--------Step 19--------: R
1     3     4     6    
9     2     10    8    
14    5     0     11   
12    13    7     15   
--------Step 20--------: R
1     3     4     6    
9     2     10    8    
14    5     11    0    
12    13    7     15   
--------Step 21--------: U
1     3     4     6    
9     2     10    0    
14    5     11    8    
12    13    7     15   
--------Step 22--------: U
1     3     4     0    
9     2     10    6    
14    5     11    8    
12    13    7     15   
--------Step 23--------: L
1     3     0     4    
9     2     10    6    
14    5     11    8    
12    13    7     15   
--------Step 24--------: L
1     0     3     4    
9     2     10    6    
14    5     11    8    
12    13    7     15   
--------Step 25--------: D
1     2     3     4    
9     0     10    6    
14    5     11    8    
12    13    7     15   
--------Step 26--------: D
1     2     3     4    
9     5     10    6    
14    0     11    8    
12    13    7     15   
--------Step 27--------: D
1     2     3     4    
9     5     10    6    
14    13    11    8    
12    0     7     15   
--------Step 28--------: L
1     2     3     4    
9     5     10    6    
14    13    11    8    
0     12    7     15   
--------Step 29--------: U
1     2     3     4    
9     5     10    6    
0     13    11    8    
14    12    7     15   
--------Step 30--------: R
1     2     3     4    
9     5     10    6    
13    0     11    8    
14    12    7     15   
--------Step 31--------: D
1     2     3     4    
9     5     10    6    
13    12    11    8    
14    0     7     15   
--------Step 32--------: R
1     2     3     4    
9     5     10    6    
13    12    11    8    
14    7     0     15   
--------Step 33--------: U
1     2     3     4    
9     5     10    6    
13    12    0     8    
14    7     11    15   
--------Step 34--------: L
1     2     3     4    
9     5     10    6    
13    0     12    8    
14    7     11    15   
--------Step 35--------: D
1     2     3     4    
9     5     10    6    
13    7     12    8    
14    0     11    15   
--------Step 36--------: L
1     2     3     4    
9     5     10    6    
13    7     12    8    
0     14    11    15   
--------Step 37--------: U
1     2     3     4    
9     5     10    6    
0     7     12    8    
13    14    11    15   
--------Step 38--------: U
1     2     3     4    
0     5     10    6    
9     7     12    8    
13    14    11    15   
--------Step 39--------: R
1     2     3     4    
5     0     10    6    
9     7     12    8    
13    14    11    15   
--------Step 40--------: R
1     2     3     4    
5     10    0     6    
9     7     12    8    
13    14    11    15   
--------Step 41--------: R
1     2     3     4    
5     10    6     0    
9     7     12    8    
13    14    11    15   
--------Step 42--------: D
1     2     3     4    
5     10    6     8    
9     7     12    0    
13    14    11    15   
--------Step 43--------: L
1     2     3     4    
5     10    6     8    
9     7     0     12   
13    14    11    15   
--------Step 44--------: L
1     2     3     4    
5     10    6     8    
9     0     7     12   
13    14    11    15   
--------Step 45--------: U
1     2     3     4    
5     0     6     8    
9     10    7     12   
13    14    11    15   
--------Step 46--------: R
1     2     3     4    
5     6     0     8    
9     10    7     12   
13    14    11    15   
--------Step 47--------: D
1     2     3     4    
5     6     7     8    
9     10    0     12   
13    14    11    15   
--------Step 48--------: D
1     2     3     4    
5     6     7     8    
9     10    11    12   
13    14    0     15   
--------Step 49--------: R
1     2     3     4    
5     6     7     8    
9     10    11    12   
13    14    15    0    

Time: 13.4649 s
Peak Memory: 272561.03 KB
