--------Step 0--------
14    10    6     0    
4     9     1     8    
2     3     5     11   
12    13    7     15   
--------Step 1--------: L
14    10    0     6    
4     9     1     8    
2     3     5     11   
12    13    7     15   
--------Step 2--------: L
14    0     10    6    
4     9     1     8    
2     3     5     11   
12    13    7     15   
--------Step 3--------: D
14    9     10    6    
4     0     1     8    
2     3     5     11   
12    13    7     15   
--------Step 4--------: L
14    9     10    6    
0     4     1     8    
2     3     5     11   
12    13    7     15   
--------Step 5--------: U
0     9     10    6    
14    4     1     8    
2     3     5     11   
12    13    7     15   
--------Step 6--------: R
9     0     10    6    
14    4     1     8    
2     3     5     11   
12    13    7     15   
--------Step 7--------: R
9     10    0     6    
14    4     1     8    
2     3     5     11   
12    13    7     15   
--------Step 8--------: D
9     10    1     6    
14    4     0     8    
2     3     5     11   
12    13    7     15   
--------Step 9--------: L
9     10    1     6    
14    0     4     8    
2     3     5     11   
12    13    7     15   
--------Step 10--------: U
9     0     1     6    
14    10    4     8    
2     3     5     11   
12    13    7     15   
--------Step 11--------: R
9     1     0     6    
14    10    4     8    
2     3     5     11   
12    13    7     15   
--------Step 12--------: D
9     1     4     6    
14    10    0     8    
2     3     5     11   
12    13    7     15   
--------Step 13--------: L
9     1     4     6    
14    0     10    8    
2     3     5     11   
12    13    7     15   
--------Step 14--------: D
9     1     4     6    
14    3     10    8    
2     0     5     11   
12    13    7     15   
--------Step 15--------: L
9     1     4     6    
14    3     10    8    
0     2     5     11   
12    13    7     15   
--------Step 16--------: U
9     1     4     6    
0     3     10    8    
14    2     5     11   
12    13    7     15   
--------Step 17--------: U
0     1     4     6    
9     3     10    8    
14    2     5     11   
12    13    7     15   
--------Step 18--------: R
1     0     4     6    
9     3     10    8    
14    2     5     11   
12    13    7     15   
--------Step 19--------: D
1     3     4     6    
9     0     10    8    
14    2     5     11   
12    13    7     15   
--------Step 20--------: D
1     3     4     6    
9     2     10    8    
14    0     5     11   
12    13    7     15   
--------Step 21--------: R
1     3     4     6    
9     2     10    8    
14    5     0     11   
12    13    7     15   
--------Step 22--------: R
1     3     4     6    
9     2     10    8    
14    5     11    0    
12    13    7     15   
--------Step 23--------: U
1     3     4     6    
9     2     10    0    
14    5     11    8    
12    13    7     15   
--------Step 24--------: U
1     3     4     0    
9     2     10    6    
14    5     11    8    
12    13    7     15   
--------Step 25--------: L
1     3     0     4    
9     2     10    6    
14    5     11    8    
12    13    7     15   
--------Step 26--------: L
1     0     3     4    
9     2     10    6    
14    5     11    8    
12    13    7     15   
--------Step 27--------: D
1     2     3     4    
9     0     10    6    
14    5     11    8    
12    13    7     15   
--------Step 28--------: D
1     2     3     4    
9     5     10    6    
14    0     11    8    
12    13    7     15   
--------Step 29--------: L
1     2     3     4    
9     5     10    6    
0     14    11    8    
12    13    7     15   
--------Step 30--------: D
1     2     3     4    
9     5     10    6    
12    14    11    8    
0     13    7     15   
--------Step 31--------: R
1     2     3     4    
9     5     10    6    
12    14    11    8    
13    0     7     15   
--------Step 32--------: U
1     2     3     4    
9     5     10    6    
12    0     11    8    
13    14    7     15   
--------Step 33--------: L
1     2     3     4    
9     5     10    6    
0     12    11    8    
13    14    7     15   
--------Step 34--------: U
1     2     3     4    
0     5     10    6    
9     12    11    8    
13    14    7     15   
--------Step 35--------: R
1     2     3     4    
5     0     10    6    
9     12    11    8    
13    14    7     15   
--------Step 36--------: R
1     2     3     4    
5     10    0     6    
9     12    11    8    
13    14    7     15   
--------Step 37--------: R
1     2     3     4    
5     10    6     0    
9     12    11    8    
13    14    7     15   
--------Step 38--------: D
1     2     3     4    
5     10    6     8    
9     12    11    0    
13    14    7     15   
--------Step 39--------: L
1     2     3     4    
5     10    6     8    
9     12    0     11   
13    14    7     15   
--------Step 40--------: L
1     2     3     4    
5     10    6     8    
9     0     12    11   
13    14    7     15   
--------Step 41--------: U
1     2     3     4    
5     0     6     8    
9     10    12    11   
13    14    7     15   
--------Step 42--------: R
1     2     3     4    
5     6     0     8    
9     10    12    11   
13    14    7     15   
--------Step 43--------: R
1     2     3     4    
5     6     8     0    
9     10    12    11   
13    14    7     15   
--------Step 44--------: D
1     2     3     4    
5     6     8     11   
9     10    12    0    
13    14    7     15   
--------Step 45--------: L
1     2     3     4    
5     6     8     11   
9     10    0     12   
13    14    7     15   
--------Step 46--------: D
1     2     3     4    
5     6     8     11   
9     10    7     12   
13    14    0     15   
--------Step 47--------: R
1     2     3     4    
5     6     8     11   
9     10    7     12   
13    14    15    0    
--------Step 48--------: U
1     2     3     4    
5     6     8     11   
9     10    7     0    
13    14    15    12   
--------Step 49--------: U
1     2     3     4    
5     6     8     0    
9     10    7     11   
13    14    15    12   
--------Step 50--------: L
1     2     3     4    
5     6     0     8    
9     10    7     11   
13    14    15    12   
--------Step 51--------: D
1     2     3     4    
5     6     7     8    
9     10    0     11   
13    14    15    12   
--------Step 52--------: R
1     2     3     4    
5     6     7     8    
9     10    11    0    
13    14    15    12   
--------Step 53--------: D
1     2     3     4    
5     6     7     8    
9     10    11    12   
13    14    15    0    

Time: 169.7332 s
Peak Memory: 3651312.13 KB
