--------Step 0--------
11    3     1     7    
4     6     8     2    
15    9     10    13   
14    12    0     5    
--------Step 1--------: L
11    3     1     7    
4     6     8     2    
15    9     10    13   
14    0     12    5    
--------Step 2--------: U
11    3     1     7    
4     6     8     2    
15    0     10    13   
14    9     12    5    
--------Step 3--------: R
11    3     1     7    
4     6     8     2    
15    10    0     13   
14    9     12    5    
--------Step 4--------: R
11    3     1     7    
4     6     8     2    
15    10    13    0    
14    9     12    5    
--------Step 5--------: D
11    3     1     7    
4     6     8     2    
15    10    13    5    
14    9     12    0    
--------Step 6--------: L
11    3     1     7    
4     6     8     2    
15    10    13    5    
14    9     0     12   
--------Step 7--------: U
11    3     1     7    
4     6     8     2    
15    10    0     5    
14    9     13    12   
--------Step 8--------: U
11    3     1     7    
4     6     0     2    
15    10    8     5    
14    9     13    12   
--------Step 9--------: R
11    3     1     7    
4     6     2     0    
15    10    8     5    
14    9     13    12   
--------Step 10--------: D
11    3     1     7    
4     6     2     5    
15    10    8     0    
14    9     13    12   
--------Step 11--------: L
11    3     1     7    
4     6     2     5    
15    10    0     8    
14    9     13    12   
--------Step 12--------: L
11    3     1     7    
4     6     2     5    
15    0     10    8    
14    9     13    12   
--------Step 13--------: U
11    3     1     7    
4     0     2     5    
15    6     10    8    
14    9     13    12   
--------Step 14--------: U
11    0     1     7    
4     3     2     5    
15    6     10    8    
14    9     13    12   
--------Step 15--------: R
11    1     0     7    
4     3     2     5    
15    6     10    8    
14    9     13    12   
--------Step 16--------: D
11    1     2     7    
4     3     0     5    
15    6     10    8    
14    9     13    12   
--------Step 17--------: L
11    1     2     7    
4     0     3     5    
15    6     10    8    
14    9     13    12   
--------Step 18--------: L
11    1     2     7    
0     4     3     5    
15    6     10    8    
14    9     13    12   
--------Step 19--------: U
0     1     2     7    
11    4     3     5    
15    6     10    8    
14    9     13    12   
--------Step 20--------: R
1     0     2     7    
11    4     3     5    
15    6     10    8    
14    9     13    12   
--------Step 21--------: R
1     2     0     7    
11    4     3     5    
15    6     10    8    
14    9     13    12   
--------Step 22--------: D
1     2     3     7    
11    4     0     5    
15    6     10    8    
14    9     13    12   
--------Step 23--------: L
1     2     3     7    
11    0     4     5    
15    6     10    8    
14    9     13    12   
--------Step 24--------: U
1     0     3     7    
11    2     4     5    
15    6     10    8    
14    9     13    12   
--------Step 25--------: R
1     3     0     7    
11    2     4     5    
15    6     10    8    
14    9     13    12   
--------Step 26--------: D
1     3     4     7    
11    2     0     5    
15    6     10    8    
14    9     13    12   
--------Step 27--------: R
1     3     4     7    
11    2     5     0    
15    6     10    8    
14    9     13    12   
--------Step 28--------: U
1     3     4     0    
11    2     5     7    
15    6     10    8    
14    9     13    12   
--------Step 29--------: L
1     3     0     4    
11    2     5     7    
15    6     10    8    
14    9     13    12   
--------Step 30--------: L
1     0     3     4    
11    2     5     7    
15    6     10    8    
14    9     13    12   
--------Step 31--------: D
1     2     3     4    
11    0     5     7    
15    6     10    8    
14    9     13    12   
--------Step 32--------: R
1     2     3     4    
11    5     0     7    
15    6     10    8    
14    9     13    12   
--------Step 33--------: D
1     2     3     4    
11    5     10    7    
15    6     0     8    
14    9     13    12   
--------Step 34--------: L
1     2     3     4    
11    5     10    7    
15    0     6     8    
14    9     13    12   
--------Step 35--------: L
1     2     3     4    
11    5     10    7    
0     15    6     8    
14    9     13    12   
--------Step 36--------: U
1     2     3     4    
0     5     10    7    
11    15    6     8    
14    9     13    12   
--------Step 37--------: R
1     2     3     4    
5     0     10    7    
11    15    6     8    
14    9     13    12   
--------Step 38--------: R
1     2     3     4    
5     10    0     7    
11    15    6     8    
14    9     13    12   
--------Step 39--------: D
1     2     3     4    
5     10    6     7    
11    15    0     8    
14    9     13    12   
--------Step 40--------: L
1     2     3     4    
5     10    6     7    
11    0     15    8    
14    9     13    12   
--------Step 41--------: L
1     2     3     4    
5     10    6     7    
0     11    15    8    
14    9     13    12   
--------Step 42--------: D
1     2     3     4    
5     10    6     7    
14    11    15    8    
0     9     13    12   
--------Step 43--------: R
1     2     3     4    
5     10    6     7    
14    11    15    8    
9     0     13    12   
--------Step 44--------: R
1     2     3     4    
5     10    6     7    
14    11    15    8    
9     13    0     12   
--------Step 45--------: U
1     2     3     4    
5     10    6     7    
14    11    0     8    
9     13    15    12   
--------Step 46--------: L
1     2     3     4    
5     10    6     7    
14    0     11    8    
9     13    15    12   
--------Step 47--------: L
1     2     3     4    
5     10    6     7    
0     14    11    8    
9     13    15    12   
--------Step 48--------: D
1     2     3     4    
5     10    6     7    
9     14    11    8    
0     13    15    12   
--------Step 49--------: R
1     2     3     4    
5     10    6     7    
9     14    11    8    
13    0     15    12   
--------Step 50--------: U
1     2     3     4    
5     10    6     7    
9     0     11    8    
13    14    15    12   
--------Step 51--------: U
1     2     3     4    
5     0     6     7    
9     10    11    8    
13    14    15    12   
--------Step 52--------: R
1     2     3     4    
5     6     0     7    
9     10    11    8    
13    14    15    12   
--------Step 53--------: R
1     2     3     4    
5     6     7     0    
9     10    11    8    
13    14    15    12   
--------Step 54--------: D
1     2     3     4    
5     6     7     8    
9     10    11    0    
13    14    15    12   
--------Step 55--------: D
1     2     3     4    
5     6     7     8    
9     10    11    12   
13    14    15    0    

Time: 433.9350 s
Peak Memory: 7891713.88 KB
