--------Step 0--------
0     1     4     8    
6     3     7     12   
5     2     9     11   
13    10    14    15   
--------Step 1--------: R
1     0     4     8    
6     3     7     12   
5     2     9     11   
13    10    14    15   
--------Step 2--------: D
1     3     4     8    
6     0     7     12   
5     2     9     11   
13    10    14    15   
--------Step 3--------: D
1     3     4     8    
6     2     7     12   
5     0     9     11   
13    10    14    15   
--------Step 4--------: R
1     3     4     8    
6     2     7     12   
5     9     0     11   
13    10    14    15   
--------Step 5--------: R
1     3     4     8    
6     2     7     12   
5     9     11    0    
13    10    14    15   
--------Step 6--------: U
1     3     4     8    
6     2     7     0    
5     9     11    12   
13    10    14    15   
--------Step 7--------: U
1     3     4     0    
6     2     7     8    
5     9     11    12   
13    10    14    15   
--------Step 8--------: L
1     3     0     4    
6     2     7     8    
5     9     11    12   
13    10    14    15   
--------Step 9--------: L
1     0     3     4    
6     2     7     8    
5     9     11    12   
13    10    14    15   
--------Step 10--------: D
1     2     3     4    
6     0     7     8    
5     9     11    12   
13    10    14    15   
--------Step 11--------: L
1     2     3     4    
0     6     7     8    
5     9     11    12   
13    10    14    15   
--------Step 12--------: D
1     2     3     4    
5     6     7     8    
0     9     11    12   
13    10    14    15   
--------Step 13--------: R
1     2     3     4    
5     6     7     8    
9     0     11    12   
13    10    14    15   
--------Step 14--------: D
1     2     3     4    
5     6     7     8    
9     10    11    12   
13    0     14    15   
--------Step 15--------: R
1     2     3     4    
5     6     7     8    
9     10    11    12   
13    14    0     15   
--------Step 16--------: R
1     2     3     4    
5     6     7     8    
9     10    11    12   
13    14    15    0    

Time: 0.0005 s
Peak Memory: 9.15 KB
