--------Step 0--------
2     3     4     8    
1     6     7     0    
5     10    15    11   
13    14    9     12   
--------Step 1--------: U
2     3     4     0    
1     6     7     8    
5     10    15    11   
13    14    9     12   
--------Step 2--------: L
2     3     0     4    
1     6     7     8    
5     10    15    11   
13    14    9     12   
--------Step 3--------: L
2     0     3     4    
1     6     7     8    
5     10    15    11   
13    14    9     12   
--------Step 4--------: L
0     2     3     4    
1     6     7     8    
5     10    15    11   
13    14    9     12   
--------Step 5--------: D
1     2     3     4    
0     6     7     8    
5     10    15    11   
13    14    9     12   
--------Step 6--------: D
1     2     3     4    
5     6     7     8    
0     10    15    11   
13    14    9     12   
--------Step 7--------: D
1     2     3     4    
5     6     7     8    
13    10    15    11   
0     14    9     12   
--------Step 8--------: R
1     2     3     4    
5     6     7     8    
13    10    15    11   
14    0     9     12   
--------Step 9--------: R
1     2     3     4    
5     6     7     8    
13    10    15    11   
14    9     0     12   
--------Step 10--------: U
1     2     3     4    
5     6     7     8    
13    10    0     11   
14    9     15    12   
--------Step 11--------: L
1     2     3     4    
5     6     7     8    
13    0     10    11   
14    9     15    12   
--------Step 12--------: D
1     2     3     4    
5     6     7     8    
13    9     10    11   
14    0     15    12   
--------Step 13--------: L
1     2     3     4    
5     6     7     8    
13    9     10    11   
0     14    15    12   
--------Step 14--------: U
1     2     3     4    
5     6     7     8    
0     9     10    11   
13    14    15    12   
--------Step 15--------: R
1     2     3     4    
5     6     7     8    
9     0     10    11   
13    14    15    12   
--------Step 16--------: R
1     2     3     4    
5     6     7     8    
9     10    0     11   
13    14    15    12   
--------Step 17--------: R
1     2     3     4    
5     6     7     8    
9     10    11    0    
13    14    15    12   
--------Step 18--------: D
1     2     3     4    
5     6     7     8    
9     10    11    12   
13    14    15    0    

Time: 0.0030 s
Peak Memory: 18.39 KB
